[LEFT_CAM_2K]
cx=1091.27
cy=583.748
fx=1396.8
fy=1396.8
k1=-0.17118
k2=0.0270614

[LEFT_CAM_FHD]
cx=947.273
cy=502.748
fx=1396.8
fy=1396.8
k1=-0.17118
k2=0.0270614

[LEFT_CAM_HD]
cx=632.136
cy=339.874
fx=698.399
fy=698.399
k1=-0.17118
k2=0.0270614

[LEFT_CAM_VGA]
cx=331.068
cy=176.937
fx=349.2
fy=349.2
k1=-0.17118
k2=0.0270614

[RIGHT_CAM_2K]
cx=1117.53
cy=602.024
fx=1399.63
fy=1399.63
k1=-0.171505
k2=0.026917

[RIGHT_CAM_FHD]
cx=973.534
cy=521.024
fx=1399.63
fy=1399.63
k1=-0.171505
k2=0.026917

[RIGHT_CAM_HD]
cx=645.267
cy=349.012
fx=699.817
fy=699.817
k1=-0.171505
k2=0.026917

[RIGHT_CAM_VGA]
cx=337.633
cy=181.506
fx=349.909
fy=349.909
k1=-0.171505
k2=0.026917

[STEREO]
BaseLine=120.053
CV_2K=0.0140377
CV_FHD=0.0140377
CV_HD=0.0140377
CV_VGA=0.0140377
RX_2K=0.00447992
RX_FHD=0.00447992
RX_HD=0.00447992
RX_VGA=0.00447992
RZ_2K=0.00247007
RZ_FHD=0.00247007
RZ_HD=0.00247007
RZ_VGA=0.00247007
